168 82
187 72
3 85
44 169
77 38
60 157
190 150
15 88
31 191
30 28
151 117
79 161
50 68
147 171
121 129
144 116
49 82
54 154
50 57
149 104
88 75
71 127
177 198
84 198
51 84
57 36
62 117
87 186
36 153
166 136
59 198
23 50
7 183
134 135
4 126
140 161
18 12
123 14
171 74
102 166
16 91
167 199
123 145
17 193
152 68
34 19
44 177
99 33
183 74
136 106
102 141
127 99
32 101
107 95
196 29
173 9
61 157
11 46
158 59
93 175
154 67
59 135
25 174
70 114
181 108
19 96
37 4
125 118
67 62
7 128
13 72
27 96
45 179
179 110
21 3
27 168
38 17
144 93
47 159
13 106
65 26
134 170
108 106
5 125
10 129
106 72
55 57
70 179
43 106
63 87
131 43
74 128
30 85
70 73
11 68
135 150
78 102
20 93
116 170
117 30
155 141
142 126
152 15
121 185
182 155
191 54
6 194
129 14
169 123
162 174
34 169
145 93
28 13
194 113
150 185
94 106
49 58
16 169
37 74
108 50
185 153
10 57
25 76
173 123
107 198
44 77
73 9
81 112
170 65
118 51
196 167
172 12
80 15
39 148
141 97
179 196
64 124
80 35
115 131
119 37
80 122
51 121
97 157
72 145
146 46
30 188
14 5
166 140
184 128
133 152
104 160
193 31
44 199
33 69
97 50
113 180
198 135
81 45
18 123
81 28
130 116
102 129
25 24
50 127
53 140
43 145
168 189
25 38
175 29
118 199
177 85
72 6
90 51
35 198
128 120
8 144
129 4
20 108
175 141
162 120
122 71
103 69
181 132
174 177
140 177
133 148
64 176
122 49
170 67
76 121
0 95
75 132
141 14
53 141
160 48
99 29
153 185
109 76
1 100
122 195
188 160
157 98
99 39
165 34
169 116
68 141
75 71
114 31
98 175
171 27
10 106
27 165
80 69
175 150
49 95
183 171
119 172
91 168
189 24
18 115
37 82
98 161
76 25
61 108
61 118
33 187
192 91
189 151
69 115
146 187
155 199
78 134
63 117
145 170
84 7
163 83
4 198
164 36
121 45
198 29
89 141
118 15
75 41
138 187
47 125
84 99
141 22
128 116
171 176
16 190
159 64
57 141
96 119
135 181
66 157
69 189
59 110
130 34
101 108
189 137
19 33
134 18
47 89
87 119
188 148
127 78
180 137
193 36
165 76
92 77
184 159
88 38
85 110
197 14
168 120
14 197
155 190
48 64
1 119
48 88
35 108
131 47
126 174
66 30
164 194
95 117
20 115
159 196
158 96
0 1
28 126
24 42
17 9
182 112
119 141
130 152
183 27
199 2
151 45
166 171
120 122
26 124
52 154
40 160
187 2
181 114
43 2
160 120
39 169
112 13
126 28
93 171
11 156
107 27
115 121
160 196
51 166
170 97
156 32
188 35
55 133
125 24
140 66
144 7
128 83
14 32
82 177
178 136
197 119
95 165
96 72
82 112
131 126
36 173
199 182
190 95
89 94
177 47
88 132
146 153
22 189
72 173
33 22
187 57
65 146
182 70
149 117
163 168
84 142
68 124
36 124
137 109
29 165
166 103
16 20
170 107
105 82
101 165
131 132
64 15
22 153
58 171
111 14
193 23
137 77
188 191
74 112
2 12
177 112
15 29
141 94
93 131
19 71
113 122
178 70
13 11
174 124
23 167
148 128
35 190
123 12
115 144
179 19
138 180
198 183
180 45
161 83
71 179
24 120
136 39
164 82
20 126
32 169
119 186
5 174
46 139
156 62
97 37
190 137
58 110
67 60
0 22
59 157
147 92
3 133
70 146
98 25
116 2
157 86
133 98
192 161
162 66
17 75
189 192
31 176
110 31
139 7
4 169
186 98
53 165
9 76
106 114
184 169
168 99
102 22
14 131
49 52
37 94
69 79
57 100
124 20
195 80
31 93
178 45
41 155
91 12
191 39
99 24
127 24
176 97
165 90
105 33
161 133
45 9
186 64
29 131
63 94
187 4
40 107
18 55
123 135
172 2
194 54
87 177
186 21
108 17
112 40
150 144
15 170
92 74
154 187
130 109
100 77
124 198
143 1
21 132
146 113
134 56
186 147
149 85
42 186
67 197
3 46
196 142
160 57
139 80
9 60
81 160
86 63
96 42
38 157
56 143
1 37
194 75
57 41
185 106
185 56
40 23
190 15
154 48
48 179
75 173
40 48
109 83
158 15
103 89
172 31
181 37
110 106
9 159
89 82
159 42
19 142
142 24
169 120
157 168
78 155
51 15
107 22
174 35
124 143
143 128
54 169
26 1
142 188
7 26
71 143
150 25
173 148
65 165
86 180
4 170
74 58
192 46
41 112
132 80
9 100
148 145
34 99
64 22
13 77
104 170
73 177
97 130
17 4
191 78
142 38
104 130
197 77
60 42
52 184
100 104
169 20
110 60
8 33
73 20
153 58
124 184
120 16
60 26
96 140
145 154
32 37
167 7
112 120
138 70
95 51
149 115
85 104
83 39
86 17
11 58
26 191
39 58
105 92
55 75
45 194
90 187
145 198
135 166
77 134
48 59
120 112
139 86
125 16
22 15
164 102
185 86
109 61
68 156
132 57
105 199
196 37
128 103
106 52
163 158
42 11
62 51
182 148
15 74
24 1
127 27
30 137
31 38
148 139
121 50
137 142
139 113
125 157
78 39
66 138
61 122
162 147
117 132
73 14
101 68
47 119
111 53
167 70
58 51
7 137
195 106
21 70
153 80
54 73
10 84
199 157
6 55
195 44
184 62
151 170
72 5
89 23
158 130
41 153
33 59
6 180
161 152
54 4
147 160
85 76
63 61
12 168
112 139
191 2
29 198
28 187
83 74
152 10
103 60
76 113
12 79
154 129
62 138
136 47
115 125
38 63
90 171
22 106
82 25
29 35
8 167
79 146
45 49
53 185
176 121
156 191
133 75
179 67
5 84
126 74
39 137
114 186
140 80
172 155
198 101
173 157
180 97
148 88
58 143
136 101
144 192
74 3
174 103
175 62
150 99
52 130
194 39
34 108
38 120
193 26
118 156
26 82
138 118
68 183
132 53
69 33
90 43
55 76
152 53
114 6
147 135
126 60
77 86
113 178
62 131
114 151
3 73
98 42
82 101
120 132
42 73
83 22
46 189
86 190
65 3
85 187
52 25
104 144
60 141
79 118
165 159
199 155
110 173
42 0
41 56
2 84
132 186
12 103
143 90
66 117
77 65
79 140
151 14
143 170
28 3
106 108
56 13
56 185
5 63
100 165
116 137
153 60
176 186
192 122
50 86
92 45
0 160
100 98
91 48
111 95
159 45
1 124
178 176
157 118
129 119
56 135
43 71
167 169
116 56
21 60
113 109
163 40
35 146
171 71
23 36
46 84
101 39
36 38
76 15
88 196
122 145
137 16
108 188
23 130
103 162
24 66
183 87
176 35
155 90
94 43
87 24
135 186
83 142
2 165
92 41
2 28
46 166
195 167
180 134
95 170
156 170
91 21
161 156
94 120
67 177
6 118
27 141
12 36
71 24
32 72
8 3
109 129
94 0
197 190
117 159
111 94
129 76
93 76
117 90
